4367 767
8701 8693
7279 7407
9682 1018
7692 5166
7522 270
6580 4077
656 1730
8232 1285
4890 6277
1521 4717
5508 7066
9897 5720
6592 3079
3330 4038
279 2366
2290 8703
1271 5450
3349 4182
394 681
6007 3580
9116 5496
8519 9263
6047 3295
5859 2527
1046 3085
2245 7569
7840 1508
7672 1933
6542 2948
8886 6474
284 5932
3542 3987
9447 5755
4180 7059
2586 5417
6133 6961
6604 3445
6779 7209
7089 712
9224 8321
812 9322
9398 5380
6270 5579
8671 552
2318 669
4952 3907
7428 6433
5571 6619
8783 6765
7260 1338
556 6954
512 5080
5936 3222
7609 1578
8660 7521
6948 1293
8261 7089
5767 4798
8103 706
6823 7003
1997 3119
6155 3492
8162 1613
8627 7951
4061 4519
2907 5348
9530 6923
9870 91
4036 2775
76 93
1412 3688
1975 7608
7366 240
7451 7451
1343 5389
9413 6129
7968 482
374 2519
8841 9805
8035 8034
8788 6996
6405 6117
9557 968
3460 655
852 954
6551 7040
8848 273
6877 7937
3617 3261
3364 3122
742 7677
9934 4127
8453 6236
2338 4154
5744 1517
7463 6007
1721 1174
7073 6763
988 1302
1374 3312
8267 9798
2444 736
5417 6712
5525 2809
1124 7543
9007 2607
9265 3651
456 8121
491 3642
8848 7459
5054 5779
5584 8754
9561 493
7633 9744
354 6639
1109 4462
8851 9082
2435 8528
3497 265
9184 458
723 232
7722 9320
3530 8546
5920 6273
486 7386
4301 8092
9930 889
246 7243
9666 9906
4840 405
1446 8985
9959 7316
5662 356
6799 6655
7473 2851
673 2885
7524 6323
5485 4684
4821 3180
2670 3369
481 7162
5621 7778
7792 2170
4594 2939
453 6618
1294 4854
7279 2243
8240 6430
4769 4933
6040 6130
7064 5783
5134 7155
6775 4422
4703 699
1163 3206
2638 8913
1824 6411
1769 5909
5630 1534
7147 2061
8291 4100
3447 7753
8457 1389
3701 8017
7320 5615
6950 2089
2017 3315
6925 6895
3334 3217
7928 6788
8837 310
5859 6257
3078 1522
7545 1468
4740 4484
8039 5121
7480 4458
4955 5281
6091 3964
996 7516
9764 7153
1634 5371
7823 5044
1597 8407
7620 8514
74 6799
312 5591
6391 4399
4647 7592
5347 6847
4930 7846
1830 403
9199 606
2027 5109
4704 8060
844 8558
2935 2271
6852 2340
4369 1626
6437 930
8256 8221
4902 7978
5156 5408
2122 1195
4037 5459
5501 8755
3288 2966
2470 8451
8084 2736
6342 6748
966 6103
9119 4964
4917 7555
3907 5079
7924 2381
2130 1561
8683 2492
6691 5292
3613 9820
7515 3773
8503 5919
4075 8291
3548 3601
7382 7012
5121 9522
8003 6731
2806 4829
7930 8019
6846 7909
2992 7427
8864 9974
9187 7633
5975 2867
7827 9095
5324 6273
6694 2569
7693 6762
1893 4143
4828 2375
9491 294
3140 8179
7605 7313
8424 64
5722 2270
9385 6495
8112 3743
7080 8011
1327 164
5535 8215
123 5631
68 9057
3747 9731
3964 3543
9622 6158
9880 7664
7241 5301
8520 6924
2545 4173
8189 6600
5345 7772
923 977
3297 1566
1544 2093
5135 3246
2767 2473
4750 3343
5398 635
3373 2142
6951 2462
4740 5311
7098 4239
49 6925
9153 7568
2716 4326
2247 8926
202 4757
3868 7753
7563 1658
4224 5168
6595 1528
9403 104
6999 6358
1241 2127
2078 5409
2551 3347
9591 154
4614 4860
2172 1544
361 7366
5672 258
4051 902
3186 2968
1684 1759
5584 5911
3659 4532
8581 4619
3432 7309
9483 5105
2647 3588
3029 7506
1710 9162
1904 9550
6883 6326
1201 6972
9749 2874
2850 3757
1598 2877
9663 6401
6430 5137
9708 1000
8977 1864
4255 1589
1456 8711
5153 6960
6884 2525
9633 4346
2147 1453
1206 2460
2774 9448
5330 7981
4505 5090
7577 9379
5559 9174
742 9229
5375 416
7315 1627
2826 1739
6038 443
8214 2284
5889 9424
3714 8730
3521 3687
2365 5207
4634 4577
7968 6706
3351 4953
6877 1276
3886 3497
6182 3729
2358 1176
7376 8120
3881 8696
5832 7494
9570 1404
348 427
5279 559
5810 2947
1502 2089
640 1798
5882 9239
6026 2004
970 9199
7171 417
7828 2334
5337 2325
4231 6295
4216 5171
2622 9156
9812 8516
3561 3213
7075 8113
4515 5257
2118 1926
5448 4802
9939 1458
4926 4005
4945 8221
2384 3045
4624 5407
4505 428
2615 6783
1791 2004
3825 7853
381 6407
5967 8603
6970 1972
7338 3484
3358 5624
5171 9589
3505 5089
4062 628
6352 8508
9261 5687
2585 1185
1335 3238
5644 2576
3845 3681
6161 2441
2038 8344
1819 7495
9558 3933
85 5696
4681 8061
1163 6267
9713 6358
239 4799
9801 3043
4018 4995
8627 4023
9274 7705
5902 6268
2603 3957
7396 2842
2579 614
4688 7928
897 7865
3263 1823
5844 4706
4803 59
3199 4574
6535 3738
1313 2922
6034 93
6722 3918
3346 2747
4393 6056
7322 8909
2759 7818
2549 1856
4434 7898
4942 6833
8134 4181
7202 745
2585 181
976 7208
1358 8803
9702 5345
3820 736
1102 884
5311 8040
272 2019
5256 9306
169 1038
6381 7065
8771 2201
2214 5516
2707 5809
2671 2007
450 1341
8346 8234
7667 2663
5897 4455
6020 8696
433 4488
2628 7455
6036 9396
6481 8735
5342 2889
4 6059
7743 1621
7097 3929
4187 2579
1612 2910
8761 5721
596 6734
9754 1306
6857 4625
9671 6194
1987 2915
3394 29
8196 3084
3031 9794
4948 7459
8992 3682
2713 2576
5599 7438
8927 6554
1934 2388
4283 8923
4889 78
191 1172
3043 7494
3106 5029
8620 7872
9928 5817
4694 2022
8844 7092
7286 5944
378 206
1924 1479
7668 7551
1756 1240
3045 6959
892 8801
5148 4680
2855 1183
7897 7709
1600 4398
6366 2377
6959 1145
5640 8372
700 9173
7964 6198
752 6352
7138 326
8805 7243
5082 5044
2361 437
6325 1872
8258 2948
2420 5817
151 1154
7051 8641
2422 9496
4278 9373
4237 6098
1269 1342
9075 2043
4003 1614
7056 1070
6167 6704
8201 3542
7964 5346
3166 7518
9391 3791
1671 4382
9243 6254
6844 8699
5557 4601
6678 119
9595 1204
7421 6425
106 9414
1733 1358
9913 7067
4055 1692
2790 1280
7527 5765
1545 4363
1641 4633
2495 3813
5978 1407
2030 373
892 1272
9793 9593
3011 4149
1357 3484
8667 4429
7946 6219
6755 5026
7229 7889
8968 2514
1243 3143
6242 2622
8113 6382
8227 6276
9953 9
5819 9722
7291 6064
8078 2638
2003 638
2438 6299
6618 3908
2326 7420
1973 3201
5375 6235
7482 3395
2248 107
7841 9682
1997 7699
9017 7884
5022 2647
151 3811
5122 7006
1150 4195
4292 9846
7827 6495
9364 6313
7048 8040
4152 3888
854 8526
5472 8729
8688 967
7069 129
5888 4975
700 6478
459 4620
2674 3426
7103 8062
508 8143
4979 3507
3752 9198
9407 9191
4757 2229
4205 1521
2361 5509
4055 6423
977 7189
5517 4017
9307 3114
2547 9245
9391 243
6901 6546
1951 3561
3707 8598
1639 6711
6645 8013
6803 3092
4088 1443
444 3366
539 5675
6512 6817
5217 8850
7915 4899
1291 3881
6022 4051
6638 4458
583 7577
43 4303
1080 3137
2310 6516
5102 8054
4171 5414
6119 4495
6379 4070
8886 7259
1123 8040
4210 5197
7010 5185
2976 1295
7783 6087
9628 7142
977 7992
8725 4021
7745 4071
9175 6863
8126 2402
6174 2376
5160 3029
9316 9036
4356 7690
9154 5957
5215 6462
7687 3319
2985 6154
6192 5340
1176 3250
6682 66
1792 5516
7229 2447
4825 5271
4867 9334
7763 160
5500 5088
9121 6670
6457 9295
1043 2415
8426 1177
3106 7483
4988 2265
2229 5876
3183 5752
9491 1647
3321 7572
2954 4828
9480 7581
8597 3687
1093 7264
8299 4476
9630 8610
7099 7523
2646 3920
1299 9726
454 7721
8299 3248
6559 8393
6781 3930
7432 5733
9840 995
9942 8867
1078 6380
1490 5876
6422 2417
1389 1830
8581 7908
3463 7824
5065 9006
316 4032
9098 1244
2865 3331
9110 6664
8654 5038
8152 1296
699 4987
9125 1693
9319 9815
7888 1264
2486 1033
8044 2695
6255 3186
4587 1150
6648 4115
5235 6834
7891 3979
6818 1719
3490 4156
6880 6247
2741 2526
2160 5435
9088 4300
4009 1538
4556 655
4353 6195
2716 6568
1575 1586
6746 2962
2410 2003
4237 3543
8199 9159
8491 4603
5919 4518
3273 4001
625 357
2873 2106
2132 6400
1822 8181
3373 4750
4939 144
5580 1573
2951 9853
7549 3111
4913 7232
1152 1954
8536 881
5506 9696
4176 9797
6969 3152
8191 7147
7113 6447
5879 8553
2001 2045
1709 6125
5935 6276
3445 195
4638 7323
2085 2760
4888 8741
569 1914
4732 7325
476 5777
4978 8432
5001 9918
327 459
4419 4068
9695 6045
4799 3051
5914 271
4225 1509
9394 2727
6946 4057
3658 6687
2046 8916
3839 5029
4483 9437
7115 6181
8249 9159
1379 5666
4689 7558
6493 6714
3285 681
1935 8340
7298 546
2954 8636
1036 9168
5677 4073
6955 1562
3366 4507
7480 6456
779 5297
4958 9323
1344 9648
5207 9160
7247 5889
3712 9329
7835 8574
2826 8789
3083 2217
6085 6602
7009 7038
8758 2627
6824 7275
7133 2990
2428 6620
8013 7539
254 9660
371 411
3315 1831
995 8928
239 4611
4834 3789
7898 8720
4993 910
711 1600
4488 1534
7455 9643
9614 2768
3634 2015
6400 7536
8553 2619
2923 6437
6843 4536
8569 9568
2907 6130
6461 3056
6810 9875
2934 9474
3523 3227
986 7377
1685 6036
7191 1177
133 2725
1336 847
4698 1179
2662 5399
3062 8415
5954 6132
1515 4693
333 1953
5111 1732
6092 9022
8280 5022
4406 5692
4330 4079
371 9337
393 2468
8383 2055
3181 5611
5945 7071
7792 7202
2020 1686
181 4568
1001 5645
9293 7931
9377 1128
3884 8113
7144 416
3767 6205
6943 3234
5123 9397
9073 996
4297 5339
8974 723
7089 829
993 5226
6217 2205
2718 5762
4752 4726
9863 6598
4691 1315
5597 2450
7085 1424
9087 6459
9970 9240
2628 1599
8803 4238
9768 4531
1057 2442
3946 9203
8432 925
6327 2463
3475 2704
3798 5043
4461 5561
440 1380
7628 1626
7127 9221
3374 1574
4794 711
5606 9974
1944 3440
4200 1748
9019 3416
4979 1514
5026 3484
2002 9234
1522 5365
1537 4263
5419 6557
4108 4311
7942 3660
4531 3267
5941 5560
8174 4339
7589 3288
1440 2387
7070 2619
7401 2118
9219 8627
7721 3536
4721 5565
7627 9728
2071 8221
8396 8670
281 1878
6530 5616
8905 5671
2429 4051
9706 9719
8900 9378
8266 1896
1749 5306
6187 7796
4407 188
22 5747
3296 8145
7409 8726
8617 4889
5975 1115
2170 5496
9268 5000
2650 2464
6871 163
6875 6252
6730 5748
3411 9844
7845 5802
6623 2444
8235 2093
5261 1665
3142 1199
5569 7037
4770 9943
2926 9815
4589 1425
56 4811
2236 926
1782 7185
5336 2383
1649 3322
8061 4936
9999 3188
8762 703
2457 284
8782 8214
2766 3127
7725 9647
9163 6902
6982 6646
5898 1511
1952 672
8579 5693
6073 7965
8285 4906
4048 9314
3696 7061
6166 2772
8569 6316
4329 2549
5086 843
2102 3524
1684 8489
1063 5480
1005 3768
2950 7632
7162 8724
8936 5872
7385 3313
4203 6944
7149 9591
9396 3702
9018 7487
1667 7385
6020 5972
9392 4684
696 3495
6253 1607
1248 5730
7248 6282
6816 6877
234 5760
171 6826
8829 3083
7335 3577
5629 1515
6830 3271
8384 9733
4708 740
1052 4522
6338 3172
5633 8095
3908 2018
1782 1180
3086 1394
5763 2600
5011 8105
331 7607
2120 9963
1037 630
1834 1534
8974 7342
6013 4486
7404 9725
2016 3893
5343 9914
684 2804
3721 5512
2387 6959
4126 3838
1212 8289
5171 5970
3363 1580
1372 4756
400 3550
6431 6479
6489 4790
8618 416
1644 1465
8613 1180
7337 467
4224 735
2459 5668
5233 428
9398 9950
5148 4896
8362 5167
6764 3398
434 8851
8384 2729
95 9468
2034 7037
14 8674
3044 6837
2919 5455
5379 2940
3856 1922
2678 1183
4473 4144
1135 8390
7803 8816
709 4685
7459 1869
1882 6459
3867 6605
3742 55
3999 2879
4453 3781
3108 4336
7409 6963
5395 4408
6067 6899
9397 7553
6542 889
2845 1486
2292 928
8648 6731
4617 655
6839 3911
5652 1849
4518 5112
7528 8516
2328 5553
7113 8319
6708 4476
4501 6524
353 9754
1155 9853
8146 8629
9166 4858
1667 3717
731 8974
707 6819
214 4388
5738 4390
8127 5938
3413 4089
5571 1690
9821 2027
9413 4728
7575 7257
9088 4507
823 1585
7166 9217
1653 5789
9889 6273
6318 1409
6082 2360
8154 9468
8916 2907
9792 4948
443 5392
3265 9280
2356 1941
5033 5587
7386 599
1786 6990
1468 7839
880 7478
5845 3257
2245 1354
6422 1641
6850 5034
5442 7807
4482 3676
2454 4901
9266 5385
2843 4236
5102 5832
4273 39
591 752
9736 4051
6728 9175
3975 4312
5745 4208
9510 7518
135 8015
3042 7373
8319 8867
8078 7858
3008 9490
6921 764
9061 7562
2295 1489
4234 1226
1481 3473
2164 7163
6185 2493
2628 5340
2015 8633
3162 2142
8635 226
2775 177
7404 9675
2333 2124
6288 5822
8648 2953
6403 6892
3815 937
935 70
6985 2758
8910 6854
4738 3383
6054 6619
220 1326
669 3697
5740 3646
288 2496
5296 7374
96 3009
9585 1390
2863 910
5305 6572
1004 3386
7261 7604
8919 9697
1062 3518
1964 1721
5162 8829
5939 1325
5485 3223
1490 9413
4240 2442
9672 2173
8118 5912
1284 7433
5096 7030
575 3848
8309 1098
3173 1012
5641 6424
5575 6928
1154 580
1416 4178
292 3428
3275 8397
6658 4403
3094 9315
4846 7210
6282 7445
6235 2997
4421 2422
9045 5433
1893 7679
7751 8441
6029 5952
8654 8004
1672 9759
97 6719
4482 7222
5977 1667
1091 2428
5244 6
8741 9436
735 6085
9404 8573
1456 8842
3593 9402
9043 46
5427 6443
8317 4583
2073 2361
3830 2444
9847 3912
7477 4237
350 1387
3643 7246
4206 2075
810 2298
2149 6271
8215 4715
7402 8452
3431 3259
4782 6914
8865 6555
9729 7570
5433 6115
9606 9799
9033 6487
8168 7542
3634 3027
2901 3523
7694 9176
8601 7846
3666 9291
4331 3775
7528 3277
5066 829
9250 5778
9599 5752
5710 8354
7427 8237
999 2170
9356 4432
1328 6965
1256 8874
9862 8505
3170 2227
1854 8831
8599 1213
8939 7297
7134 7516
5641 3785
8693 6381
6639 7044
5802 6525
2917 9774
7156 180
8316 6461
3591 7796
3222 4661
4190 5479
9043 2827
266 5202
5060 905
3859 6863
4045 2511
6986 656
401 8842
4557 4574
6182 9452
6253 9140
3979 7151
4733 8132
1522 7879
520 8737
201 6849
6860 3940
4702 4939
2810 1472
519 1247
4550 2614
9989 938
1974 7390
4733 6281
9459 2367
6368 9917
8407 2553
9734 4029
994 1900
8071 4894
2210 695
9397 816
5108 6755
3919 8524
1800 723
5231 1780
1153 2588
1843 1208
8637 390
8462 5265
5487 1351
6685 3150
1228 9521
4965 7629
575 3912
7183 4853
8071 8848
406 5153
3516 2100
7276 5596
7079 9616
838 7966
21 439
325 5
4083 7913
6228 7506
1541 3622
943 7197
1817 3799
8815 4909
8858 6817
3763 8055
3163 8907
485 7328
3891 5137
2041 4888
914 7114
7040 5941
2272 125
1594 4803
3683 1779
6194 7510
578 9878
6310 3926
351 9340
6507 2813
6784 7402
8570 8645
5352 9287
6922 4804
463 860
3176 6186
1572 3126
2527 8569
2002 2941
6553 1783
8907 7131
5272 4405
4049 8826
3832 7358
2164 9873
7424 6978
4386 340
9502 7095
6275 7779
981 3864
3170 8433
7805 1298
9580 6322
8954 1004
2738 4767
1818 4651
2373 5479
4146 2080
9783 7152
7219 8651
1248 4499
8099 1240
1437 1578
6968 1345
7256 8933
6104 9205
2788 7358
6349 9242
7270 3917
5209 1449
1256 9699
8135 4369
6174 9437
99 8328
3833 7216
6430 5606
1397 9563
1156 5974
5544 3398
3174 1601
7635 205
2909 7550
6669 2837
2895 4008
2021 3182
8707 8942
1439 2062
6098 7722
8786 5210
7982 4482
8363 7388
5983 8662
9484 5673
4845 7276
2857 1639
1757 520
1997 39
9450 7805
4527 8650
1018 7925
8752 3683
2857 6913
4771 100
3590 9459
1774 8269
9445 4936
9580 5317
6272 4310
3607 2334
3921 794
745 9781
5296 7654
2151 6527
9462 5116
7347 1552
6492 6361
3372 995
9750 2915
1500 7217
8961 7332
3786 1100
837 6742
903 3853
8019 6909
9760 1147
5989 8029
2856 2686
2254 6414
7752 2653
6303 4264
5182 5390
8315 7675
3664 1589
7199 8007
636 385
8061 236
871 8706
6862 984
3998 9599
4402 4504
6191 5468
5938 8087
6543 91
801 939
2826 1957
2831 9749
8277 3412
5867 4642
3696 2974
423 4513
5735 5130
7005 5399
8548 510
2275 8893
6910 4419
9241 7855
9726 9775
8969 8159
3257 9194
398 7854
7792 8583
165 1813
890 1993
121 1395
5620 4899
7081 5189
5963 6402
2028 4462
3451 7139
5325 9666
9500 8907
1958 2535
3989 3677
8230 8589
1618 4390
4251 1884
5078 8458
4439 4833
8744 6569
5647 5886
6689 8414
3741 8289
3053 2924
755 2857
6532 5782
547 3001
4248 1622
8303 7677
331 1825
9093 7507
4657 3954
7846 3910
4474 3796
6621 2188
9168 7121
2002 5981
8384 5290
588 3751
1855 1189
381 3184
8633 8062
3044 6549
894 2448
2468 6805
9885 4464
7956 1295
9855 9178
6708 1883
5971 4234
2023 7692
4838 9380
6662 7220
5942 9625
1300 8062
