13099 17101
6406 20179
20679 13958
8061 1794
37769 34347
11556 40087
42414 34076
44840 3731
19208 44223
25956 24070
19117 13015
22740 38258
14536 11064
4354 1704
24851 25698
49184 4092
18284 14894
24750 18966
20109 42631
11375 17031
42255 27637
39485 15626
1571 46898
1755 31284
12528 2107
6525 22302
21253 33426
28766 8515
29635 44595
25512 29335
7239 39128
18330 17868
2252 14477
27883 49781
14849 17050
24179 32504
26543 1610
28979 14107
38976 29071
28800 12806
15357 45154
44854 12918
32628 25597
45488 34790
6501 27414
15979 3395
38993 14027
6266 2017
33386 22200
180 15220
42178 30681
3790 20722
11470 6451
30309 42160
16412 32944
15128 42256
36250 39954
16774 19133
4853 42289
11457 17710
2401 36065
40237 23965
14208 23521
45412 20447
16310 16384
6598 16206
29956 28150
36048 5109
38982 23873
12724 32508
28858 44233
1324 25547
27803 29536
44771 32230
15831 23116
33691 5362
4012 41585
32343 11319
7095 31429
40871 22411
39456 16267
9747 17642
47377 31651
11956 36460
3115 48477
26740 47537
36140 167
42416 26961
17295 26533
32291 25725
2099 20989
32735 15756
16326 27657
7327 13682
49789 5014
22526 33219
3471 33391
18761 27317
28405 36387
30293 7067
13798 35340
805 27653
29907 26978
14338 4628
49581 26385
38695 25265
44640 3045
43583 17456
23384 16752
33407 6646
5020 41103
25186 2708
40302 38721
45860 49883
11989 28192
3823 19322
2367 19340
6970 19414
5599 20814
35760 42416
6717 8306
18956 43742
48111 27376
12079 10781
24945 21918
8735 12425
35465 49169
38474 20589
33429 9374
27451 8230
11920 15411
35242 23536
22505 19686
13394 22370
37562 16855
24267 6555
49027 47086
22918 3481
13518 45219
6037 7192
2763 16538
42109 10918
37002 2675
31357 599
35370 33099
7135 34620
46246 10949
25403 34606
47279 1213
23107 4051
46485 41302
2699 4112
48472 9237
40667 12161
45554 12306
9157 44433
20265 813
43771 4437
7946 15133
27324 35175
25600 30020
12951 33343
19113 23330
23372 23217
38258 45549
27112 48476
29402 10521
40011 47629
33217 24599
5464 34407
14140 15420
35932 26399
23755 30091
46172 7759
47497 673
39889 1162
39307 36452
21108 1557
3313 7596
23466 43330
29419 11285
38671 40005
32148 10657
17417 47774
49129 16052
2185 15106
8342 21415
30231 32274
28982 28644
41674 28576
14965 23347
26908 31692
32821 11751
29816 15067
32519 33498
46943 13449
11506 21610
16043 12175
36407 36928
15717 38776
14770 45030
45811 33816
11287 21703
27573 11498
7073 27923
2515 5438
8712 31594
11784 32136
41747 4468
23558 25394
9970 5288
27248 10491
33128 46142
40322 47045
26753 11470
8989 31168
27267 22434
47667 33473
2920 46169
8052 49475
44565 34717
20220 43910
3122 2121
2422 20777
8390 26162
15907 13816
13113 19911
40758 27914
25402 22181
34883 34336
1310 3689
45399 28628
39652 24382
14085 32427
32778 41105
6355 24233
30149 6606
13935 39997
3853 4122
18864 37340
47428 20038
46843 45126
30963 22190
18095 45288
41233 8414
5844 27492
22599 35380
40098 44564
35745 28320
30183 32476
34173 20028
4540 37332
10684 29405
48658 12481
17815 41789
16313 49171
18947 34874
16848 44840
48961 25614
40174 15523
44255 5540
1997 18772
8312 15314
27837 39534
25529 34840
35653 29871
2620 20950
19891 46040
35249 14346
4565 17512
4994 18653
47689 22876
34968 4853
6007 57
21053 2508
43021 28861
21418 26191
27155 36067
22392 46906
20333 13441
48768 20330
14350 17723
37719 36033
37576 18317
46556 37204
48465 41747
16845 12876
13918 3754
34288 27982
28962 47628
23680 15056
12883 49523
41261 4538
10513 10018
24111 23855
21592 49866
37197 32730
49994 5768
48042 23737
31835 23778
13569 43522
16691 19258
19267 34742
7247 37582
45148 33026
11094 42164
3486 12121
16549 43431
35232 29802
26402 2124
10330 23415
36089 42472
16118 1500
21357 40253
38308 28822
21480 47957
24614 20149
35317 33595
26085 29734
47263 34043
25669 42989
22073 17913
31284 23369
19854 27789
35663 9415
9243 31223
19894 33836
14456 14423
10445 44115
34616 18858
35666 14752
22671 49057
23614 3280
2992 25885
16141 20559
48449 18430
4310 37095
36790 13311
4555 42219
35395 39699
36970 17132
29199 7527
590 40266
8114 44811
12805 885
19611 37552
38022 2193
1262 7515
20727 14685
41658 9071
3821 49693
23136 4473
29217 6870
37021 1188
1101 17221
39984 19378
26947 39968
6446 24892
44582 24731
42534 39377
29048 30019
49956 17388
32031 36797
9887 23950
17805 45193
3592 6650
37177 23633
47904 26884
885 49723
25154 18911
35719 32516
14076 23688
6799 28770
32083 24893
24338 33495
37394 30656
32321 23958
41987 36365
11796 9906
47949 7901
45261 26272
5652 14179
2577 32167
16378 27785
17295 19439
8422 49094
28347 23864
30918 18811
47930 29982
7092 9001
7170 27866
6230 44945
18655 29312
44468 1604
31933 20465
4883 47791
13318 1112
6011 19445
28209 9762
23091 34445
31803 31387
6529 29152
22975 2326
21254 39426
19994 11582
36071 12864
18469 9140
31195 49183
8924 47892
26771 24588
47969 36609
15800 39678
20333 3541
18412 43535
6130 16334
9943 19729
19328 31992
3174 29766
5980 23118
4370 40794
38006 17646
1864 46582
47104 45490
29726 9947
30378 3764
7773 44416
33993 28434
26934 37143
38386 14253
3363 35233
7009 49821
28151 30910
3935 35764
17010 3364
257 13711
49571 16831
37413 14834
34732 39189
20163 36606
42719 26524
22327 19779
21201 30929
9768 23073
36716 32187
21556 5425
13129 25169
36707 47333
21541 6573
10044 41092
40806 46010
15965 11508
30384 13232
4278 43419
7490 41202
5066 42755
25920 5636
3952 15578
22967 32832
9509 48968
466 7473
13995 22556
10523 15250
35203 23104
15023 48556
26776 1673
4857 12888
28968 7566
12469 8749
40593 3889
39521 44549
6644 32501
27356 21274
16226 45362
769 32994
29214 37749
1677 18355
4087 35257
30153 46904
28991 30197
42020 23094
38332 10047
31845 43018
16699 43844
47980 27570
45135 21048
23423 20014
9618 31283
5444 39061
32855 1731
45925 48834
28164 21158
992 18187
47373 2708
42247 26388
40720 37168
26416 48428
17510 14062
16703 1955
7677 18387
23232 693
11718 1059
1451 27349
37728 37238
34193 10832
1527 3630
49577 43609
20057 41560
30531 10772
46171 18351
15010 7645
44362 5683
7214 5855
46273 22267
35178 7286
13034 3692
4193 45481
14028 8833
17847 36563
47076 32517
48665 39433
5078 16179
38233 8192
18815 47800
49580 31083
25277 9151
4742 28293
16718 35305
38690 42923
10002 29327
9664 35106
24706 14924
38615 19358
8886 33451
46815 7727
29674 25606
49833 36138
32119 13387
48573 5301
18901 33798
4835 31125
33385 24655
47999 46256
46662 36127
29214 11910
26413 8244
5706 41160
46986 5115
12882 1815
46079 35636
23945 18738
44295 34141
34365 25421
6155 15546
11417 17350
1433 27351
11393 37172
40405 27481
17679 27564
34541 31111
8649 19485
14208 19034
5271 46119
12478 28831
35968 40907
47878 31681
2316 6997
3363 31554
13600 15162
726 47814
27240 3237
28757 49852
22316 3219
21062 213
46437 43551
40827 18072
20913 39625
31359 35340
47401 24989
49236 16136
36830 47289
22888 3139
35507 3266
18641 25989
47308 8485
49037 19233
29259 2871
33904 30253
17584 10053
9303 2820
26584 29881
40764 16086
866 11915
8271 27
824 30126
42558 18296
25127 11793
31412 45858
5208 47680
39469 31550
12661 27930
7812 21818
25317 44540
17103 40044
444 15217
31163 37629
31031 49001
21929 40230
38565 25919
20335 48997
44890 24897
13278 25650
45820 9210
39459 45988
34505 28886
36163 46981
46859 10289
36938 15406
43576 5835
49113 40878
23721 40219
18787 27606
47953 40309
49238 11226
35267 36486
11336 45211
45783 28676
1738 41113
8706 33622
21118 41942
25481 35466
13312 36776
27251 42817
4693 16185
13090 31212
44969 25213
47367 696
9832 12109
33577 12568
25450 46215
8953 15212
29135 6679
19801 45950
34623 15620
9007 20876
8094 28375
24738 45157
23828 1247
25543 34224
22634 36182
35689 43146
27490 45988
8504 11762
22768 28569
19131 47234
37908 37238
24726 99
46205 48029
38336 18726
21137 7886
20046 18539
27050 25962
2969 38525
26613 19334
17599 12058
7538 39355
18006 8804
27526 7847
17150 13361
26771 45983
32968 10683
14816 45612
27633 24840
9802 23645
49346 43995
5452 1117
34761 13883
23562 49929
25988 43873
35094 35949
29207 49845
36759 8561
19038 28609
47408 33564
9029 38727
35840 19311
15200 6737
27998 39130
1687 22108
28344 1504
22943 39536
22358 21922
817 6502
560 12464
38880 2988
30938 29170
16500 10833
45718 9026
40758 5441
2773 21500
3052 8870
17653 36227
45018 36080
33959 6117
17741 6194
11456 25088
39809 22244
16611 40471
14310 9944
42503 5568
43648 43746
14086 22514
22202 23632
4343 27953
11326 27172
10479 5119
23513 5780
49562 1762
19973 9655
37980 43646
8048 14289
23970 5139
14274 8175
21329 38642
48341 615
44655 32103
50000 41052
42417 10914
2012 40948
13738 5412
17748 48426
10414 26651
14110 4826
16436 5877
36666 9802
45218 43384
18730 41340
2601 1295
14913 16073
4742 11828
31216 17418
47149 35018
34271 38600
6226 29684
30736 37876
21511 46645
10564 15435
47624 3258
36196 17271
33825 38945
44194 9444
17545 16781
15272 6551
47555 29362
5213 38518
9569 49122
42043 35482
4642 5565
31497 2657
12374 36897
17521 6606
26424 48513
21670 18921
24740 45381
17801 49721
38905 38076
31110 37617
19599 1497
34729 20671
11561 28999
18726 11712
1300 41390
46686 45083
15232 39052
39669 5973
26757 44397
46371 11602
22476 48651
12849 12881
36279 37152
33104 49484
16064 14417
35965 21725
36329 7109
44068 13539
19796 9050
20107 12423
21496 49682
10526 13743
9470 16116
12552 20086
39831 24988
2446 9068
31303 16506
29077 6915
33831 30566
33785 41068
43950 8198
552 34426
47170 26018
8042 42028
49587 23244
42145 12701
29383 35328
45687 41448
598 27157
20396 45688
24198 48512
17436 37914
38425 31413
48000 2789
32082 60
1222 42002
27435 40792
26098 43927
13325 39484
29779 22077
37598 26835
7296 25364
7678 16820
4319 24362
39646 46071
44474 32881
45522 21452
13217 19995
33446 33613
20033 11894
1416 36259
6 27543
14175 45982
23631 41455
45913 14709
18738 11425
2110 30375
19608 20935
40563 610
17897 5337
4035 34802
33902 37828
29769 36831
26912 45160
48887 17857
38649 21154
18708 42382
24828 20127
49637 18546
47296 29170
6055 22703
7406 10567
26250 18936
44775 35598
5068 43178
26362 17853
18907 31747
22769 39536
38619 43202
35225 35191
40804 48285
15057 41151
38533 26139
1572 17403
17510 49961
23928 29435
5522 38992
9496 37520
32226 43244
14024 31420
34424 49214
2271 48411
23075 36318
49249 7415
9743 20987
36552 15960
24040 10549
44685 17264
30267 48298
20003 13502
45977 42461
28114 17941
25179 35492
40018 9204
27156 16280
4473 16420
160 5497
31289 23142
18169 42171
12691 35267
32823 21939
10573 41880
4599 49816
22234 46708
56 11373
34595 10696
19972 1653
35707 36549
35608 33530
3060 44937
43600 15113
18501 41141
5601 31431
23774 17579
27204 19657
24061 20435
2230 30566
33478 11252
41883 47966
46795 35697
47015 22769
41149 40897
11901 16339
47866 4770
47011 31703
39886 31282
401 23964
13761 41138
35678 3822
31778 33924
18564 33716
33696 44021
46501 33519
29609 33462
11147 40083
23542 49949
35840 3442
16382 23074
32194 43445
11654 26251
35196 33836
14446 42712
6402 46776
41777 4812
18070 24796
42352 42840
13542 21716
45251 48667
5484 23320
16623 14280
43775 6464
17241 40945
552 3139
19758 44736
39184 35571
34316 31451
20151 3852
21689 41784
47439 29288
6874 47686
7857 30469
19789 34784
41772 22599
20985 45304
31430 783
14944 8796
34654 15917
38490 36595
28232 19681
14565 26470
14160 22879
32245 29653
25672 10424
15297 10322
33539 6970
46202 34438
1428 44528
31536 16602
47410 26989
23484 34007
1208 1569
47723 20844
31421 1955
28422 29530
1516 39521
21608 31930
45275 3123
47302 14574
40778 9143
14494 29919
29275 18135
36154 24359
44540 33074
15776 24198
18972 17582
29691 34541
34469 15403
36379 33209
4755 5885
34247 42163
7828 35633
44037 35188
9442 16777
12229 15123
15797 43310
37474 1045
18908 39327
44278 46450
34412 25946
47344 9099
41404 17275
43553 43713
18124 26462
1362 31873
32529 27671
45095 37552
33215 20803
1362 14614
35624 5474
25120 12783
13668 30228
28639 31513
40182 42109
35585 27739
42835 7076
9785 47816
4217 15446
41565 11102
31925 34381
34977 20312
18808 31285
42235 39918
45258 42388
14308 22351
31662 8257
37018 44871
34272 14992
43233 8564
38403 9924
47937 45132
25515 4366
30172 38626
13923 14099
39041 9483
46170 1861
21399 30622
39526 25794
47639 3211
48353 8266
24169 26226
15587 35748
24385 25542
31617 20439
47338 39294
28926 49359
6187 9818
34891 32009
24671 19167
5122 48703
42337 18354
35117 7327
12784 23106
4679 7264
49669 10866
18650 21294
5030 1209
37894 45571
12475 44965
14279 26460
31186 28475
32846 22469
2910 20331
2314 48043
6515 846
46642 7605
2859 25508
24481 27579
33352 27492
2482 24173
35014 48167
8686 16087
48024 49299
20645 21747
6142 45352
44319 18533
34052 1551
30847 7343
8182 36454
18962 3446
12100 45142
42687 24954
19461 1872
17023 21952
8367 15555
33525 38164
8335 360
49438 16513
7809 31963
15118 26727
34877 16442
31674 11172
7275 20296
44700 4699
4903 42712
46224 21824
33283 123
2564 45799
7327 45582
11639 7911
18800 8834
30235 3570
14585 38460
998 26594
40519 43003
9448 27332
28611 43332
32557 27760
34910 12793
10006 28083
22396 6852
23718 21375
19212 30782
29604 10577
38326 44119
10526 40488
30690 14466
29577 26891
14041 38452
39042 23286
19208 8078
713 31768
9200 24922
8615 45667
29879 23757
44587 26195
3770 27544
22430 33273
44130 10248
36458 4205
369 261
37362 44135
2170 16643
29346 47710
35928 39669
46355 34163
36099 48404
6502 4499
17719 19496
16798 706
27767 42992
40127 16047
24020 6385
26406 32640
47648 32025
2595 24950
29863 22396
35592 3261
43538 25216
45918 28374
31201 31865
25028 272
39360 45492
6386 43078
44103 25989
24570 17051
34473 10194
6673 23016
43346 5786
26122 40294
44956 37992
38217 26876
47312 15664
21869 13984
13746 18560
28638 37540
49386 34939
40393 47523
44867 37203
1805 40321
16508 13708
43698 48406
13530 23177
2270 8306
1530 18069
32556 34609
31835 2305
47022 34941
40128 32057
20501 3516
8773 20000
41202 24302
13079 9421
5180 11010
7039 23032
27714 31821
23374 24424
34581 40739
40925 36040
12005 41621
13460 13959
33617 5014
7081 4801
49738 33534
6874 43549
3814 9141
39558 34639
20646 18971
48083 6808
19634 39433
7597 33793
33433 42920
37163 8931
840 43776
22729 18458
39090 44163
12711 28223
9064 12853
35831 11081
20153 19078
44728 9056
8006 5850
8243 43953
28134 24574
2397 37855
45520 47794
48926 5288
22712 29206
13442 6631
8851 36150
33851 333
4312 28403
39610 38013
15881 47788
17659 33652
47586 11732
45376 15696
27328 27182
9337 37903
15869 30892
8614 197
39016 17221
39019 8255
13023 4828
21349 27082
14180 2606
45713 35852
7880 35217
25804 35384
3269 45909
14259 32785
8585 45422
2979 33727
40266 25271
33022 30526
25509 2645
45918 48738
4442 11968
25616 27355
42975 23393
49475 27984
634 45958
7393 39581
2516 15734
43180 545
41475 12617
26787 701
2664 19372
23159 3477
32665 49641
1479 13413
3516 24050
42613 12873
9665 37238
41188 36022
29239 3015
5935 44638
44012 6453
9750 29031
24183 16396
41696 16885
4731 25790
46344 501
48278 15805
40600 27953
8551 26139
22671 13675
9910 28743
26485 49972
41286 24845
40113 10028
12145 7841
20638 29919
27434 23109
37267 43012
25012 48892
9724 39028
20546 14829
30802 2581
40443 49043
13409 9179
41815 15714
10901 36524
34791 46947
36446 16245
17106 37694
16228 23381
33882 18128
41392 49701
28990 44662
44223 10123
17244 25835
18469 20454
10205 31930
32985 5807
15359 36224
8806 45797
19978 9515
43582 27242
35306 48935
41500 44580
5749 37971
9322 36167
10927 7446
29927 6609
2059 27568
41426 37520
25930 12376
42037 5658
29683 29639
10111 39386
30699 31986
29776 7976
48291 2445
28415 36546
25320 19344
29160 5851
17549 6082
28575 19563
14624 47970
8787 19163
20788 679
15858 34770
21095 40887
7986 35854
49841 18944
36292 40738
28270 15061
14176 17988
22797 29491
29795 33808
16193 43420
44376 21622
2515 22530
47545 29019
43298 30168
30330 11012
7495 13340
24179 44051
5682 49820
13763 18853
45077 25310
13070 49713
16212 15390
39799 5001
27491 36810
12228 44693
20336 4909
10402 48338
39694 24582
36008 12094
22121 29863
24803 27767
39136 31458
24547 46550
46876 12275
16148 2329
25136 38345
30215 41578
31969 47164
38167 47617
6254 13742
36188 26480
33668 45751
18349 2028
6101 40711
41048 23390
46975 40084
46507 11367
20104 47537
13013 14616
46733 33012
35949 15374
29587 38042
46207 4207
21501 46808
20016 19895
27864 1777
23475 17342
49801 24619
34128 44407
23234 15450
14714 46485
13361 27037
16688 27169
32623 6225
11644 35683
10456 42893
37705 36010
11357 39558
44658 40483
43634 10957
49258 38478
49999 20220
24270 45744
47663 45733
19225 37013
47433 23665
11489 39633
35506 29530
5253 21586
4874 4324
25898 4026
31838 45959
12004 36893
15146 35657
35341 28133
40185 10293
30627 48538
47866 24259
16073 2714
1631 29524
12374 25844
49509 17412
4954 6207
23359 44537
36607 28972
1891 23014
47024 35367
18961 16426
39317 2503
28209 13878
2516 40325
41446 38375
47341 6674
29205 36048
19049 1477
45388 547
23084 18023
41207 45091
4515 42701
14831 47880
25427 28866
10948 19750
26307 17593
43677 30337
28043 15891
44043 44665
9165 8738
37876 9
1918 25753
18113 37929
12946 43452
7363 44061
15612 37721
14655 32680
23645 8968
35335 25814
7292 46588
45031 13759
25829 10473
37638 46759
11145 6801
6972 41883
961 35695
46553 9244
45603 14703
17629 36397
34427 22544
47767 49299
15445 46091
34137 7159
15175 23455
45185 29251
17194 26741
165 18424
41473 39221
26866 14777
10220 25647
17110 19982
22498 35313
29209 17865
22127 35024
23875 6391
47981 21005
8191 3517
23016 13784
41536 36316
35259 22501
31361 29830
22940 43703
3103 2822
11438 4256
27767 8011
15839 48210
1082 34271
15345 49304
28362 1468
3501 19825
18822 4414
15091 22627
39607 30375
13812 45654
28059 29243
42751 34134
18808 27139
1412 39768
7645 11257
30264 2721
16112 42859
26863 23389
24491 34710
38335 43636
31177 3655
24353 46943
35415 24554
46464 1538
7790 26654
23169 27558
17521 45221
31598 4307
12043 13923
35161 17305
1759 15217
43030 26265
2331 22140
39121 2241
15682 49895
18702 27968
41343 5882
28318 24167
47649 548
26017 2799
27738 30440
2110 38508
11804 14407
8816 25514
43282 30338
39570 49561
40160 14714
43900 31451
46599 10573
10133 208
35663 14310
46824 43075
12103 16294
4252 35470
21050 31174
15398 45698
11301 28699
7447 5682
21023 35250
30255 4930
8650 37671
4217 25332
17683 30397
1913 10994
9108 3425
10415 33011
39601 6528
18674 8858
10631 46685
40132 9299
18291 2545
43993 8419
1381 2944
16465 3949
26925 11333
8358 19103
37466 45146
40852 2184
3849 41545
7587 31677
4378 35095
14963 48265
11264 48050
13262 5220
34654 21422
34627 41594
19781 7660
31815 28301
33587 30929
47951 41448
46728 7072
10982 42155
34537 26757
46485 46062
19826 22876
37747 43082
45172 48174
11024 23955
29976 6843
19307 46584
37984 43562
43659 20606
8141 22109
42957 33089
3443 25755
16113 4696
48089 15687
29711 5270
35937 22782
13984 18175
13096 6289
29052 4345
1435 38165
47115 37300
20133 45528
17882 14101
14206 33651
30046 6910
22441 5931
42382 33541
28058 22331
7178 27046
19985 31967
32153 5272
9068 13677
25670 30811
32383 8328
47636 43340
34192 5829
23889 26262
33501 34973
27138 12119
27505 10782
11831 12640
23661 21055
29265 41990
26056 20027
33014 38375
40861 2768
7324 22495
8280 8760
37812 929
31038 4261
31678 39128
42305 10828
49033 40742
35523 18270
35507 37086
35250 1884
16298 35210
21069 13061
45024 28826
36633 22600
33754 26303
17502 46796
47015 2155
15724 497
25325 34670
23663 28444
43072 16096
33709 43684
18314 16790
29224 2766
16340 41021
25298 31349
12596 26287
48490 12898
47050 42261
6794 47590
46749 21749
16964 10601
14380 20188
10753 33020
9533 31442
40375 16587
26597 818
35561 11212
5465 21356
31128 44989
39363 19355
36422 30396
36330 48084
34580 18849
25857 25325
37299 5452
37098 4275
16325 46990
8662 37764
17299 26336
24128 16812
24737 16667
20737 13437
42932 23207
26152 1091
6181 40605
21036 419
36001 30007
10500 12073
3619 9155
39737 632
5132 5386
35817 38218
34962 9813
47938 27527
24219 249
48610 26258
14045 1201
8432 48832
32405 27935
2983 38478
5995 2411
18812 39127
24308 49726
27460 5015
46369 772
16439 46337
21598 10765
11502 38128
23844 2429
30038 42024
17910 4232
18659 44724
40173 9040
45656 4824
29808 45616
29113 5884
48152 28033
38545 30808
22360 38934
7420 13520
35015 414
2416 27221
49158 34926
9454 16757
8945 47139
46166 25406
36325 23901
14996 18733
5469 32613
11555 2342
41314 20380
33095 21006
12407 20669
39423 8612
48293 20213
16321 32966
36561 143
26757 30525
42867 45243
695 40054
5705 19814
18004 41860
32352 39820
355 49589
14652 15733
17341 15578
34002 31243
10525 45744
14563 8955
16024 31217
8407 19325
9153 14678
5591 5319
36933 43945
30781 20232
44037 10150
33292 34765
24930 41922
24446 24690
4215 44347
37924 31666
21308 31797
21910 36875
15987 21371
45145 28723
37904 33651
37354 219
3946 41251
18798 17107
8595 4294
41069 2541
4924 15841
9565 9181
39783 40517
43962 15472
14817 26660
1626 19529
45497 170
45800 12230
21030 45002
29849 6248
11865 9986
13738 39301
16779 45238
46152 8186
17956 34923
22012 29785
34817 25993
18911 38500
33714 47142
43675 34134
39037 27529
16309 4453
19918 24323
25690 2833
31409 14467
28210 3209
21539 44802
28857 39395
12363 21209
43764 49394
19373 270
9789 27318
6525 30470
31029 48409
23583 7560
44964 13955
25855 16484
14496 20989
38106 17773
19832 37120
3563 12202
12384 47365
2422 40424
15873 5514
6710 15666
46787 12669
10141 20185
2138 13717
23730 2477
11944 383
19300 1132
29468 12586
19913 9138
45257 7140
35186 47355
15474 17245
40773 8639
1569 40529
47470 44883
3510 23352
1012 5566
46201 29735
16343 9230
46232 15782
8889 31772
2704 9106
40314 37046
13666 23873
12897 36811
35056 29579
45853 37466
28338 1465
19082 43825
9733 48745
7215 6208
10632 19073
25593 34494
29232 30391
87 33423
13861 45044
41423 20589
36861 1872
21882 16413
37725 1417
28996 17580
23782 16340
19168 5254
43720 26822
30525 9632
32802 4451
9559 1154
20087 13402
32123 36833
33816 45347
5417 6021
49165 20558
18380 24983
38410 41991
11989 44355
31618 33768
32204 5500
24399 35645
26704 47915
25019 20204
45371 44755
39698 45626
23703 40035
26823 17980
27467 12232
41599 11520
15960 41581
31358 43587
7053 11889
20242 41102
7593 20557
34774 5782
8090 16126
27282 38573
25238 2223
37369 1834
35189 31441
20690 43950
11685 1140
42161 8200
35056 28956
11265 14534
46692 23824
25320 32425
7413 45161
43852 42045
36192 25158
40000 43944
13113 19584
49836 44515
20549 36837
20704 20874
26390 28648
39708 47071
45538 46477
26115 14987
20870 38734
33170 31103
17057 41671
1883 31844
24885 48715
20362 23200
3588 36416
17275 23617
45470 10616
34430 24984
47666 13560
41159 6633
24166 19541
41548 11508
47034 43074
45970 47369
46063 9551
37136 2173
5465 42571
18588 8670
26146 43088
49174 44277
47561 6994
18681 48241
18972 48148
18971 48984
36988 40330
119 28327
30045 11607
40687 1362
46037 7216
13321 29307
40357 17032
13999 34972
148 40801
27399 34064
7139 14458
24752 27664
34358 27877
42669 2792
12204 41783
12445 45017
26444 6171
34308 18107
17093 4647
38402 19670
5005 924
36532 613
49020 662
8193 47019
26492 15866
40959 33
35825 46867
26666 40194
1299 42073
45552 37763
43633 44650
35417 4974
4948 19221
7933 6939
19959 15696
45378 6762
32543 38383
8534 23758
5812 48745
20123 28998
15071 15461
22502 15599
44319 34757
35444 3691
10968 49520
6673 22905
17991 33909
8308 40045
48739 26339
36647 48746
49508 32207
41081 11708
14845 30203
12219 15804
22696 35829
15954 2203
1856 39433
6287 5606
13728 39171
33132 20529
38908 19623
199 4707
47381 15928
19232 16219
25364 7012
5314 16284
15874 49081
39242 40389
26512 24685
32157 34840
34638 7565
14806 26499
25209 7090
6076 29430
42008 48777
7207 2290
37209 37810
18379 42323
27158 11098
42335 49208
26695 18356
1145 38473
15409 11699
44092 40774
31792 21754
8268 19771
138 14631
44792 44470
35696 7188
45669 28953
40696 2284
43278 21770
46775 37719
45243 27310
24337 42473
37213 31680
42485 6236
21023 40746
28976 46889
36012 36338
46878 26650
26353 8840
6196 44763
21252 25818
33407 10636
47211 8343
48433 40785
38189 37635
1565 18424
6822 315
7683 28227
41901 20523
49146 27667
14744 14731
25044 38408
7475 1046
10995 47098
1224 21953
27530 15593
9404 46948
14791 23682
49750 14663
18868 6908
40585 32766
17133 20615
38164 42100
5319 12314
10059 32822
35644 39176
41490 3370
27259 18748
47149 24920
46135 40779
9490 32997
36306 19069
24415 48077
33547 24328
8093 35635
45278 10908
39281 35595
1665 37965
4519 45650
36321 6412
49156 12103
41344 4666
49390 5178
37574 47413
45685 21161
2566 14896
42816 3709
21070 41343
22299 12346
42450 49414
30616 1884
10421 1015
12390 36308
46805 4605
42449 26984
8693 40481
48926 42807
31046 12675
1218 36495
26063 35805
24836 42274
21349 7998
37371 18644
2181 45058
36154 21969
37515 23385
2432 10541
49345 1330
48182 22819
24781 42201
48582 15835
16712 4331
20586 39390
42894 39084
3720 25750
8905 14339
40140 3646
26167 21362
24403 14484
40598 49757
25548 28199
21275 25165
42235 46864
45770 10460
17595 44220
26708 47226
46631 25587
32414 33975
21905 3357
10933 43781
30841 45269
31566 3495
43048 4445
48396 12585
25700 23280
9316 23385
26341 19376
5500 21405
32888 15535
22635 18861
2872 18564
9364 842
46570 48778
8377 5119
28709 27231
36680 16043
19866 46882
10550 1573
35859 16062
13211 41548
48993 29313
6117 47721
2572 4406
33705 8397
27667 14598
39543 15448
33038 25475
44132 5631
31996 48472
15083 39426
3898 43166
34852 32075
11055 5517
10968 22909
34708 48985
23560 22893
28650 17004
45639 40712
11205 25483
10730 42757
6727 26546
12703 10295
1984 10346
44495 7109
23229 34729
4782 7355
20854 30063
41219 2720
16385 19456
40129 12844
42586 18759
21317 15341
27365 21591
9800 36969
32886 10246
15247 38654
2486 48798
40617 33790
30695 43952
3117 38112
42969 12682
1816 46896
395 40530
8918 38253
38116 36745
46103 26475
46199 44509
11347 1870
19916 12321
41745 27297
22095 20333
13534 35643
24558 13833
15259 18166
14219 10362
13673 26917
15032 12470
8570 10549
20697 43618
28156 24709
49018 9584
28059 48669
49030 22799
21479 2241
1587 41400
34132 35469
49331 1310
23300 33396
2115 12911
1521 28540
22520 11664
5191 28514
13882 23150
20813 46375
12862 3072
32663 27654
45937 6104
38659 49081
27056 35699
7514 31019
2042 25276
26959 23722
30648 42821
44609 12271
40769 3326
28091 10644
1052 32854
26744 24804
10668 11678
41522 343
21255 8207
27902 45537
8148 45824
40229 26667
24374 21808
30289 41725
12245 21232
21660 34099
16331 12005
1151 42438
12337 46051
13947 18501
28891 8323
37550 8128
12172 46435
35620 20269
1628 357
12978 42815
45818 31273
26559 10844
42932 16253
945 39984
19380 30664
44966 35088
40228 43634
19257 45102
30845 21624
10971 20054
49203 27690
7446 25666
7056 49135
13512 17325
20306 4020
7324 3870
37113 33972
25040 31712
21152 1925
38898 8796
40346 36120
42010 22138
48906 27023
37128 33328
27850 35224
40144 47853
20874 3491
16224 48955
2233 2184
46193 20620
41755 27758
11045 18696
7133 48829
41757 46899
19956 25017
9242 20252
1963 44829
22372 5467
24699 35755
42482 15110
12925 15734
35825 29953
9527 2957
14392 27365
23483 17505
16997 20753
2428 12921
19137 49579
10188 9159
45301 12676
22248 7265
3126 23986
15524 38287
42225 4309
23992 10190
10246 21204
1717 42645
4629 41738
36199 2576
4236 9074
49019 24968
19470 4072
46123 43304
27090 24795
24656 22736
46834 42993
29698 15257
24438 18357
7784 32014
24741 19433
24024 32594
25152 35519
32161 6334
2714 10007
3461 35160
21834 26722
12666 1051
561 16683
17663 6960
17203 17325
19686 38628
23636 17194
39565 7305
38117 6532
39213 3398
40286 28961
36254 6598
38601 13961
29873 23429
32000 9151
44942 18845
44765 34511
34733 12371
33632 37919
49140 9083
23743 10634
24528 29
41381 18143
17158 20089
37756 10160
26093 32855
1377 8650
46166 17688
47925 13755
3319 33433
27159 47938
18696 14376
31300 16144
42023 21453
31756 629
30190 29633
17247 16549
41283 48260
38457 20507
28949 33557
23657 30961
14452 25105
42556 15866
766 31353
37659 26123
7759 48611
31476 3910
29284 49477
29756 38362
32683 14699
15089 18746
33640 12616
47248 31386
6523 5829
31573 46319
44944 32160
14810 38719
23962 4701
24208 5564
46353 2381
46330 9484
5526 11156
21018 32329
514 38670
1917 3109
48079 38291
24792 10325
38307 49205
15180 45413
16542 17115
11549 22070
21062 42456
28215 42757
21440 31208
23592 29560
8688 12926
17845 27269
41861 12142
8026 6032
8319 17436
15914 40120
32998 13349
26522 22949
25145 31283
21346 2408
12345 25463
12136 30768
6952 36448
34428 19394
24342 14878
29031 11272
43322 45817
8972 12499
18784 8244
1619 15673
41849 11626
26131 33205
18556 45648
31929 8095
21263 14347
32774 38781
18062 3519
45770 30051
9624 41140
23045 20477
46202 34721
32696 20226
7110 3119
1770 7951
14032 3260
42153 28252
7422 5118
44057 17005
22030 20749
4494 19478
33607 29042
10742 3777
4748 29674
4070 25390
46062 27577
23434 39053
2487 33671
28174 28833
22090 49908
47031 28618
12947 7834
14693 25683
39228 36528
44834 12300
11499 36275
19710 49265
23191 21508
19218 15545
39005 8007
43921 11996
9985 19693
7513 39408
26506 4745
28733 33397
25702 31190
32626 42262
32988 1298
2361 25840
4804 37137
22696 33681
36673 15879
42006 23871
11253 4017
26315 10317
9850 8169
22182 7501
2241 5869
39248 4034
33510 9109
35346 36890
21855 14222
158 5534
552 8044
19198 19585
5057 32152
4642 10550
12451 17229
2096 3981
4673 30460
29285 40764
45993 42700
23348 44978
26280 46170
44117 39388
